{
 "cells": [
  {
   "cell_type": "markdown",
   "id": "03246027",
   "metadata": {},
   "source": [
    "#### Aula 23 - Matrizes no NumPy"
   ]
  },
  {
   "cell_type": "markdown",
   "id": "d4a699eb",
   "metadata": {},
   "source": [
    " Ex. 1: Implemente o exemplo das frutas no Python \n",
    "|       | Maçã | Pera | Laranja |\n",
    "|-------|------|------|---------|\n",
    "| João  | 6    | 3    | 10      |\n",
    "| Maria | 4    | 8    | 5       |\n",
    "\n",
    "|       | Quit A | Quit B |\n",
    "|-------|------|------|\n",
    "| Maçã  | $0.10    | $0.15    |\n",
    "| Pera | $0.40    | $0.30    |\n",
    "| Laranja | $0.10    | $0.20    |\n"
   ]
  },
  {
   "cell_type": "code",
   "execution_count": 14,
   "id": "0ce3becd",
   "metadata": {},
   "outputs": [],
   "source": [
    "import numpy as np"
   ]
  },
  {
   "cell_type": "code",
   "execution_count": 18,
   "id": "bc3f3eb1",
   "metadata": {},
   "outputs": [
    {
     "name": "stdout",
     "output_type": "stream",
     "text": [
      "Quantidade de Frutas F:\n",
      "[[ 6  3 10]\n",
      " [ 4  8  5]]\n",
      "\n",
      "Preços P:\n",
      "[[0.1  0.15]\n",
      " [0.4  0.3 ]\n",
      " [0.1  0.2 ]]\n",
      "\n",
      "Custo total F@P:\n",
      "[[2.8 3.8]\n",
      " [4.1 4. ]]\n"
     ]
    }
   ],
   "source": [
    "F = np.array([[6, 3, 10],\n",
    "              [4, 8, 5]])\n",
    "\n",
    "P = np.array([[.1, .15],\n",
    "              [.4, .3],\n",
    "              [.1, .2]])\n",
    "\n",
    "print('Quantidade de Frutas F:')\n",
    "print(F)\n",
    "print()\n",
    "print('Preços P:')\n",
    "print(P)\n",
    "print()\n",
    "print('Custo total F@P:')\n",
    "print(F@P)"
   ]
  },
  {
   "cell_type": "markdown",
   "id": "72fc582c",
   "metadata": {},
   "source": [
    "Ex. 2: Matriz inversa (Hilbert Matrix)"
   ]
  },
  {
   "cell_type": "code",
   "execution_count": null,
   "id": "128cf6fa",
   "metadata": {},
   "outputs": [
    {
     "name": "stdout",
     "output_type": "stream",
     "text": [
      "H:\n",
      "[[1.    0.5   0.333 0.25  0.2  ]\n",
      " [0.5   0.333 0.25  0.2   0.167]\n",
      " [0.333 0.25  0.2   0.167 0.143]\n",
      " [0.25  0.2   0.167 0.143 0.125]\n",
      " [0.2   0.167 0.143 0.125 0.111]]\n",
      "\n",
      "inv(H)\n",
      "[[ 2.500e+01 -3.000e+02  1.050e+03 -1.400e+03  6.300e+02]\n",
      " [-3.000e+02  4.800e+03 -1.890e+04  2.688e+04 -1.260e+04]\n",
      " [ 1.050e+03 -1.890e+04  7.938e+04 -1.176e+05  5.670e+04]\n",
      " [-1.400e+03  2.688e+04 -1.176e+05  1.792e+05 -8.820e+04]\n",
      " [ 6.300e+02 -1.260e+04  5.670e+04 -8.820e+04  4.410e+04]]\n",
      "\n",
      "H@inv(H):\n",
      "[[ 1.000e+00  4.058e-13  1.357e-12  1.931e-12  1.258e-13]\n",
      " [ 1.312e-14  1.000e+00 -4.163e-12 -3.966e-13 -1.924e-12]\n",
      " [ 3.561e-14 -9.497e-14  1.000e+00 -1.899e-12 -4.796e-13]\n",
      " [-1.421e-14  0.000e+00 -9.095e-13  1.000e+00 -9.095e-13]\n",
      " [ 2.842e-14 -9.095e-13  0.000e+00  0.000e+00  1.000e+00]]\n",
      "\n",
      "inv(H)@H:\n",
      "[[ 1.000e+00 -1.560e-12 -1.219e-12 -9.948e-13 -8.265e-13]\n",
      " [ 8.591e-12  1.000e+00  4.582e-12  4.547e-12  3.311e-12]\n",
      " [-1.683e-11 -1.386e-11  1.000e+00 -1.273e-11 -8.636e-12]\n",
      " [ 1.212e-11  8.092e-12  7.975e-12  1.000e+00  4.182e-12]\n",
      " [ 3.638e-12  0.000e+00  0.000e+00  0.000e+00  1.000e+00]]\n",
      "\n",
      "inv(inv(H)):\n",
      "[[1.    0.5   0.333 0.25  0.2  ]\n",
      " [0.5   0.333 0.25  0.2   0.167]\n",
      " [0.333 0.25  0.2   0.167 0.143]\n",
      " [0.25  0.2   0.167 0.143 0.125]\n",
      " [0.2   0.167 0.143 0.125 0.111]]\n"
     ]
    }
   ],
   "source": [
    "from numpy.linalg import inv\n",
    "%precision 3\n",
    "\n",
    "H = np.array([[1/(i + j - 1)\n",
    "                for j in range(1, 6)]\n",
    "                    for i in range(1, 6)])\n",
    "\n",
    "print('H:')\n",
    "print(H)\n",
    "print()\n",
    "print('inv(H)')\n",
    "print(inv(H))\n",
    "print()\n",
    "print('H@inv(H):')\n",
    "print(H@inv(H))\n",
    "print()\n",
    "print('inv(H)@H:')\n",
    "print(inv(H)@H)\n",
    "print()\n",
    "print('inv(inv(H)):')\n",
    "print(inv(inv(H)))"
   ]
  }
 ],
 "metadata": {
  "kernelspec": {
   "display_name": "base",
   "language": "python",
   "name": "python3"
  },
  "language_info": {
   "codemirror_mode": {
    "name": "ipython",
    "version": 3
   },
   "file_extension": ".py",
   "mimetype": "text/x-python",
   "name": "python",
   "nbconvert_exporter": "python",
   "pygments_lexer": "ipython3",
   "version": "3.13.5"
  }
 },
 "nbformat": 4,
 "nbformat_minor": 5
}
